8562747337421361974
8562746872868631883
8562745322543365197
8562744346749308089
8562744506413029800
8562742920053668531
8562741500221256056
8562740998549273544
8562739681769673383
8562738567554706326
8562737806172558924
8562737576413779657
8562736905586646211
8562735474739293844
8562733438297360335
8562732817228298340
8562730817548774188
8562728545572704409
8562727514939315847
8562727632682890879
8562726439565476648
8562726013173135823
8562725898258038074
8562725232303484654
8562724545944831223
8562722996652153635
8562720983711783563
8562719253620546589
8562719122798488183
8562716799236120727
8562716658389474190
8562716069422103769
8562714542327467223
8562713683380412945
8562711065127192942
8562710445605814944
8562710406741547458
8562709412176475596
8562697169815760269
8562704711350500369
8562704364128208419
8562703798916915913
8562703489421566480
8562700615306830237
8562700282766597244
8562699898251915812
8562697809022155318
8562694136976283594
8562693241954849125
8562691599258008625
8562691022288894285
8562689242436931776
8562689139664285832
8562687687092553923
8562686932637534336
8562686384963329920
8562684597477275947
8562681376451188781
8562680664945771610
8562680341130090855
8562680399848177660
8562679319238302019
8562677431824044443
8562460548697292955
8562675938200080427
8562634365116736321
8562674793201791124
8562672264042319276
8562666938588571195
8562670233045041048
8562669045376267920
8562668053288428719
8562667282952522300
8562565179724441630
8562666506716367752
8562665831792576253
8562666043213328003
8562665527869916441
8562663519176130955
8562662609042564392
8562661131587919610
8562656687463838701
8562656329341145344
8562655001096370599
8562653114043551492
8562653026293853710
8562652275810588865
8562651694083409164
8562650679551949808
8562648937344874115
8562647018920247528
8562647072955969015
8562644386242039964
8562643923904086079
8562641916788291502
8562641832271457424
8562641945701803036
8562641491504106544
8562640849172422259
8562637344090301290
8562637334030579682
8562637027257439758
8562636998805078619
8562635547598017259
8562635455847965362
8562629825433046718
8562626198555749708
8562624778492890608
8562623877991671398
8562623670588588850
8562623230925045754
8562621621246923815
8562619682644013445
8562619593806899303
8562618735978177764
8562617288029148724
8562615591086759066
8562615556137768253
8562605569896066251
8562610317453530719
8562608304559016858
8562608044757680585
8562605776808204948
8562604297807387379
8562602209597211132
8562601047573338456
8562444644158617373
8562595579704994971
8562594412817086240
8562594144414438405
8562591665604309261
8562591318521379408
8562590900545437520
8562590817195116844
8562586986182622130
8562586783811335977
8562585452953277257
8562585162330208672
8562584676139466432
8562584103322222811
8562584054397307596
8562583836678000074
8562582620359286510
8562580768982619683
8562580838691414813
8562580614125895396
8562580767333538978
8562580073753857003
8562579379674542988
8562579174579510589
8562579070556906859
8562579031085278454
8562578789131949317
8562576940105082086
8562575210466460132
8562573687807006794
8562573623107156410
8562573551226889437
8562573305605034253
8562572947641121856
8562572088518174167
8562571403605022384
8562570738048438030
8562569762392904694
8562569139529741609
8562568025040509408
8562566608444877325
8562565967712521978
8562565283680167963
8562562062311402898
8562561723858554981
8562561348560623632
8562560965793864691
8562560766227674707
8562560525981008673
8562559637773053308
8562559397052203340
8562557878608675749
8562557675412553838
8562557718900062740
8562555665120612441
8562552556744199163
8562551764290181521
8562551880636083163
8562551291289373643
8562549896388457806
8562549529854007988
8562548782579802544
8562547834349707289
8562544752345692734
8562542551585649139
8562542564842005622
8562539949175229520
8562539935343213709
8562539894496343636
8562538837500282718
8562537533336280114
8562534651020991461
8562533848511939739
8562532905255572901
8562530659650351927
8562531608724863112
8562529716915690370
8562529452986439686
8562528893277132820
8562528426969942591
8562397578768110218
8562381155106612607
8562521967772689092
8562521865359202066
8562520317309607696
8562519832383950058
8562518898819835430
8562517446985797938
8562517836782429089
8562517416156053778
8562516687754488342
8562516970387779429
8562516366997625169
8562515224639421034
8562515247567300746
8562513817688181329
8562513405227423277
8562511790613796259
8562511307569267174
8562511041383925589
8562511028403944966
8562509312560430526
8562507728384888329
8562506825515783526
8562506002135740765
8562505100487351805
8562504859524108433
8562504033169026610
8562503552241442972
8562499475770864604
8562499320333745511
8562497491024774607
8562497259086538429
8562495748585789859
8562495492636147490
8562495636903032251
8562495268434399497
8562485108960690855
8562492356116849910
8562491758988732403
8562490698146239660
8562490543733106256
8562489463772845259
8562489120447862279
8562483282893266765
8562485003804553682
8562483144123943947
8562481790036172279
8562461664908547607
8562478323418479172
8562477647382476212
8562476401728521673
8562474940393511738
8562473904101687185
8562472692135963579
8562472160003568336
8562471889183134899
8562471283214659426
8562471071636803101
8562470870943578872
8562469287273401028
8562469175552017872
8562467744044129235
8562467167249656464
8562466499425724216
8562466498297483627
8562466434868994173
8562465506070959689
8562464849543815481
8562464523677262299
8562463567662265625
8562461567369634311
8562462351087290234
8562462012015604712
8562461242812383621
8562459568656729270
8562458823721358587
8562458466289150749
8562457589002905273
8562451910938402305
8562450316161892909
8562435564590428995
8562448232310546739
8562448277732229693
8562446999133223190
8562446629152846297
8562446078666752318
8562442387378356702
8562441458506639669
8562441477541944874
8562440751155023829
8562439763908197902
8562439472219147947
8562437729509433132
8562437527270544952
8562436616781746245
8562436276340806747
8562435848079840624
8562434738351828855
8562432572626105884
8562432691541963564
8562432162839479177
8562431053515889251
8562430482802157053
8562430639564045475
8562374825993837901
8562428343127148700
8562426860318242835
8562426917559536156
8562426328739200537
8562425056599241549
8562424326769130200
8562423146901980620
8562420742760381663
8562420671300686836
8562420140060844632
8562419925355848214
8562419178928026109
8562420014369516622
8562418432967019796
8562418495807165557
8562417930131270662
8562417936642744766
8562417150772408952
8562415912804411153
8562415496665176949
8562415331079962095
8562413770522218873
8562412865090021239
8562411831822354298
8562411584954710852
8562410824128006064
8562409977074604417
8562409170927728094
8562404767826811882
8562403358695877121
8562402500818377934
8562402014922179783
8562401714551202505
8562398727459983887
8562397909958546564
8562397771484871802
8562397246758432916
8562378275135181326
8562392412390564816
8562394140205819001
8562392332352582877
8562391743269570645
8562391404902613550
8562389164658282355
8562388553752685870
8562388300931407773
8562384182069973264
8562260506806178074
8562382206095959703
8562381715228545577
8562381053655426402
8562381048467472279
8562377542856695095
8562378335246293417
8562376021928803777
8562371587797317336
8562371705796408941
8562371432333796931
8562371496872319449
8562371010103366954
8562369939370712804
8562368984794506602
8562368240892145547
8562367939879187586
8562368070267822230
8562367303473240223
8562366675170379605
8562366507348289926
8562366325720644292
8562365339047759563
8562364816846019893
8562364205109142899
8562364254442136677
8562364007696796319
8562363856544528411
8562363305194945598
8562361632875855654
8562360769128277412
8562360212057065458
8562360082409487372
8562359206430362972
8562358195369377028
8562358402752696957
8562357937531823151
8562357304413786311
8562355289611833502
8562353853137218928
8562353510531491996
8562353387289147229
8562351426353585627
8562349414853458493
8562346421910120388
8562343684439096431
8562343717069955242
8562343252261646536
8562342770055012458
8562342324368978175
8562342308399976817
8562340918975027305
8562340170901886693
8562321383310038167
8562340290790688364
8562339409977910647
8562339329491288718
8562338539719529164
8562338356788239463
8562337728356246298
8562337557596075794
8562336997768915843
8562333938032774913
8562333441746196467
8562333330337852416
8562333301546130851
8562332330955940917
8562331535456846794
8562331812166226683
8562331111048137225
8562330288324125087
8562330008850804352
8562328711642617573
8562326625906603638
8562325655194221883
8562323757538567512
8562323225015937221
8562322460327022494
8562321134036673378
8562320465103299740
8562318827640189401
8562316246121835261
8562314607218133197
8562314584594295712
8562312991122536610
8562310939371676348
8562309471439416616
8562309366337742315
8562309214436900735
8562308683581816953
8562308396021576362
8562308181598332416
8562307451100544335
8562306669086794085
8562144967826976546
8562303358561233231
8562302927400374523
8562302525795916249
8562301804700311270
8562295101029578100
8562294273090361335
8562294209099668114
8562294281111220468
8562293556587070156
8562293144929416469
8562292688754024592
8562292275580570174
8562292046526103813
8562290901701362341
8562290710550025570
8562290409803618132
8562289079836129674
8562288322937552156
8562288043531329637
8562284488994576104
8562283463148802753
8562281411662648132
8562281083264162678
8562280398204021252
8562279697017763700
8562278403688526922
8562277699241568384
8562273803395018293
8562273792349979009
8562269363745962314
8562268994747527472
8562264063886525676
8562260968382983257
8562259459007682404
8562260998390639544
8562260676737638096
8562260398113337910
8562260637156259185
8562259158066874554
8562258404550757589
8562257525347210156
8562255415244503624
8562254996272246473
8562251859816241290
8562249411624862020
8562247159267076161
8562243457404391361
8562242654879768710
8562242020167788647
8562241493239933347
8562241127919442688
8562240461712835866
8562240461249000889
8562240020061838133
8562143196170264358
8562158628351177715
8562234116738543798
8562231025852754626
8562227113277438867
8562226249734550473
8562226032249116671
8562222452435319588
8562221147418538137
8562215706542645946
8562218049030670901
8562217686964497605
8562214570397140780
8562212468899840812
8562208754947546126
8562209208500096349
8562207957497342192
8562207559321844461
8562206648106616452
8562205397373716735
8562205011218301291
8562203958367264749
8562199626189616195
8562202151381967636
8562200591320574000
8562200321015801853
8562197289658458188
8562192383191759036
8562194341616811846
8562191655715305396
8562191602141035595
8562187997415337453
8562187990676142153
8562187659701949436
8562186748421113069
8562186222377669514
8562184769218179547
8562181144293437088
8562174539259992104
8562174189082468047
8562173946851215565
8562173412816425965
8562169842040179209
8562168740184405497
8562167886156166165
8562166190589945740
8562165747015703768
8562164763978534339
8562163872771048493
8562162349186360145
8562161439159286924
8562155051412559336
8562155928088855381
8562155883081597151
8562152621935331907
8562140496744364084
8562149463911702462
8562147165427704994
8562140668749080882
8562139401927801954
8562137614690535674
8562137445335295854
8562136822870015517
8562136141952620517
8562135870752763329
8562133648773112722
8562133413095804346
8562130216179642584
8562128557853681379
8562128527844510390
8562127442399765107
8562124256620782516
8562121570597623475
8562120231621702815
8562119894243396129
8562119005727451235
8562116104924238225
8562088244145250817
8562112865373825948
8562111738357931148
8562110643146498903
8561366959050893898
8562110435565847671
8562108300955212782
8562105915367279631
8562105467592894981
8562105055461650224
8562104651029866570
8562104459213775976
8562099621089883154
8562098586070386550
8562090976432508801
8562087844035427103
8562087306784583648
8562087047159382851
8562083984418517330
8562080555799888906
8562075504018675059
8562075114877754698
8562074002537589769
8562068494730659605
8562064594274028978
8562057820301402988
8562057518058841781
8562055650830119916
8562055148314613225
8562052674250493973
8562051599574206970
8562051186688563878
8562048424985156256
8562044916831888121
8562043918183003128
8562037114807711513
8562037226983713425
8562032272616615211
8562032025594333745
8562027574315287750
8562023038211970210
8562022881026606873
8562022454436944173
8562022604086885494
8562020866034888724
8562020739667586643
8562018146114073819
8562016871467887518
8562015199991529681
8562015421337019765
8562014980585115466
8562011528658263717
8562009404488030383
8562008787870993953
8562006803500101964
8561997493750902988
8562004240811065918
8562004168657544573
8562001307770854319
8562001056703091178
8562000184655896702
8561997693931220100
8561996184989780746
8561994864835414696
8561993857902040673
8561993430082792024
8561991195647952141
8561989197788173552
8561986050477530790
8561982432780845543
8561981659978171678
8561981421530506447
8561981412070900729
8561977273477498229
8561975439717390809
8561967762525088573
8561967767190834996
8561965041098521617
8561964579999799331
8561963959240999847
8561963628887649445
8561960844278923640
8561960684731337823
8561956922007343997
8561952336992134928
8561952160932673720
8561949419316599247
8561941139941251303
8561944771358153116
8561942065782246762
8561940147871417401
8561932593854491510
8561930493359345898
8561930559400067263
8561925511289083703
8561925066765064673
8561916471208768217
8561915668849069561
8561914702071843178
8561905150815626708
8561903596000363569
8561902034806385075
8561901149943718960
8561663283732244076
8561898764778750363
8561898750036333417
8561895152446104315
8561894756680584974
8561894515558454116
8561894731122446741
8561894167231136602
8561891468827325981
8561891697228181630
8561891668565570723
8561887853929917465
8561885563736256848
8561884897545689291
8561881237883383211
8561502580821110879
8561866589900116908
8561866302421442382
8561864322615427783
8561857765484122894
8561856195222564172
8561853191944020791
8561852183294276220
8561850915111984562
8561850846471527337
8561849885077173131
8561845759223063985
8561841665814917397
8561841340064633375
8561840909672514528
8561838984986111726
8561838061820511278
8561836001086665581
8561832296770826127
8561831175657744728
8561830724277202286
8561829874237535230
8561827049961422653
8561827198965552823
8561824663516829210
8561820442349692930
8561819718734338672
8561817282038719474
8561816588178626010
8561815562942460083
8561815102360295446
8561760709609880906
8561813730831333310
8561812207522270898
8561808025808102804
8561796119205179379
8561796512434358396
8561794518901589289
8561793061552312574
8561789565908886092
8561786177843341925
8561786142741763903
8561777801599188820
8561777947124824278
8561777837743863308
8561775287521408205
8561773816020265429
8561769648286164965
8561766927323842805
8561765729656894636
8561764662652971911
8561764188680047267
8561762036104499230
8561760080586958682
8561757006910657575
8561757121846217785
8561754554272947860
8561753886406894967
8561749319561209402
8561749298016880375
8561749199416966199
8561747833889499828
8561746594514701733
8561746528910914759
8561744446584598537
8561741110736909327
8561733885644417596
8561722152273231654
8561729745740970191
8561727035751221637
8561726654256122539
8561722238093303793
8561721923808514057
8561716402290649574
8561716473430594788
8561710771981877279
8561710117434700194
8561710261568700008
8561709007590794572
8561708634866675544
8561707353484379930
8561707294619736069
8561706352687995127
8561704591871797835
8561704804694539208
8561703715858003190
8561702137624106610
8561702016132680226
8561699957338063085
8561699646870186228
8561699300251353720
8561679832816608321
8561695208444830259
8561692465023281147
8561690603467340738
8561689520369496371
8561689424960416330
8561687744735624498
8561684322582352042
8561684297532344211
8561680207546434848
8561675354050803221
8561673349312927186
8561670042513962563
8561634382946461484
8561669276113735712
8561668724749105242
8561668089442070574
8561667815435843690
8561665631888537748
8561665540665272728
8561665460490048818
8561658113713345765
8561655721770177452
8561655371112029146
8561651069127553604
8561649598704775168
8561649581945418747
8561649141077193053
8561648841237324919
8561645976315645493
8561643431601046734
8561643315413758871
8561640398037841317
8561639929723604374
8561639292000769896
8561638156296464502
8561636310208738743
8561635372992367085
8561634673293540957
8561631560612613072
8561628409402294390
8561627921403647761
8561627743887621356
8561626305340203249
8561625432795976489
8561623718301491422
8561608124043465701
8561621640387767502
8561621073193284067
8561619922190967747
8561618095098422255
8561617800411006544
8561598862337878282
8561616751680976087
8561615663593090216
8561603079223026257
8561610001484618192
8561609454210575401
8561609405324324451
8561608466097654362
8561608511402429949
8561607042203772974
8561606321539984586
8561603754823659359
8561599164577480621
8561601370165735111
8561600625069044651
8561598347619169119
8561598596045768810
8561596974849448883
8561596827247791513
8561596722957451439
8561593075870793119
8561592443019309651
8561591016306115667
8561589967091833972
8561589643036697135
8561589920195811140
8561585630968985610
8561585474531272029
8561584568776876155
8561584524971914230
8561582332276129029
8561581594740151303
8561580561321219986
8561580548659064305
8561579371524966727
8561578985372370116
8561578432806010259
8561576607145067765
8561574521532690839
8561574114989442807
8561572111647949334
8561563833961328881
8561562601550697872
8561560483990114151
8561559706884739121
8561559139972424381
8561559403597054624
8561559417623821925
8561554887811117478
8561310128296780655
8561548700831465875
8561547424925874701
8561546581913243913
8561542282817053599
8561541821944716410
8561538485976928456
8561538246812406336
8561537016924799382
8561536536504385688
8561532349961946039
8561530320266973736
8561529703118500666
8561528867530164474
8561528752438560601
8561525112470446299
8561523894710352711
8561523026280146086
8561522672997186977
8561522154583397535
8561519048905636296
8561518457787040986
8561517731021396471
8561516118289441168
8561514660315879124
8561514611979241758
8561513853457686976
8561513066232693071
8561513157246871308
8561511862353650958
8561510825137963458
8561510072360669813
8561509809918781349
8561508799856519385
8561508084739629195
8561506541942136740
8561504827650268118
8561504737148357565
8561504095052464708
8561503687416748566
8561503256750794415
8561500984223927976
8561501223711110389
8561500942475127055
8561500025713616477
8561500005956674893
8561498830343188946
8561497763339183405
8561497168225875746
8561497546239360232
8561497038997415781
8561496207911809342
8561495849664238371
8561494811294279719
8561494298321864301
8561492515505647975
8561491866303269852
8561491240173965161
8561489864107346688
8561488436671118348
8561485315850068733
8561485256554907354
8561483947881377728
8561483578695805194
8561481297803105792
8561480949583103336
8561480480583557259
8561478862016263282
8561478188844487862
8561476571918817982
8561475903663723865
8561475306661724512
8561474799643678674
8561472506601972863
8561468871863957505
8561470671071743902
8561470010228862808
8561468288595562250
8561467683284681891
8561465201727441076
8561457955953172121
8561462722041924211
8561462712225489398
8561461975248437746
8561458239907492266
8561461547682627515
8561459913309747973
8561459124390262473
8561458696697681775
8561458242654021666
8561457740695249753
8561457866085814710
8561450762561276347
8561449760442815070
8561449801205835179
8561449680269969339
8561449068366051995
8561447158421936793
8561447482092255990
8561447420006761627
8561447293186920931
8561444990378235247
8561444004317202001
8561443544570202854
8561442414751500034
8561441555867867727
8561441008161306272
8561438581544647985
8561438362049152687
8561437339568837681
8561437337900356726
8561436896238708822
8561436406372405653
8561435272034184598
8561434913505380492
8561433712713780834
8561433538541178105
8561432360269376321
8561431989635221971
8561431722843980068
8561431584518045194
8561431750151551940
8561429574667587404
8561428761589156458
8561429283326439680
8561428540723480446
8561428012508488141
8561427913925611964
8561427067812180259
8561425280552141431
8561424280093630623
8561424226532630319
8561420353055893840
8561419208518857931
8561418321264379581
8561417354836787915
8561415247771996010
8561412215469797258
8561396015378994985
8561410184931449974
8561408424733699504
8561407666197199423
8561406970186449641
8561406887691938544
8561404644844964680
8561404185439951824
8561404156646959074
8561403124108785332
8561402812539943456
8561402065107212361
8561401901348609002
8561400693541797581
8561399313065408233
8561399359864751246
8561397129397229824
8561396122272612953
8561395751451070689
8561395299999009152
8561391589495312730
8561393845700827106
8561393757754919810
8561392781684546019
8561391638325037154
8561390409627656688
8561381128214120991
8561387633984358088
8561386655729776404
8561386654429483497
8561384720821699529
8561384545323941443
8561383283654226835
8561382246327755025
8561381935390477484
8561381154825488376
8561380263993927031
8561379768386126948
8561375808861824240
8561376040565442520
8561374774762645734
8561374894697619668
8561355860963693850
8561374377742046108
8561373970982343203
8561371994616206676
8561372116772524557
8561371889149759995
8561370370070439442
8561369612330744927
8561369119904006872
8561368619632779923
8561366569847489960
8561366137786701619
8561365932517362161
8561364567613964671
8561363612277559997
8561363180898946851
8561362008375047770
8561361693733033918
8561360473778524638
8561358858552588596
8561358147101807052
8561358104645525438
8561357504736517191
8561357059155353375
8561356403455170721
8561355819713328418
8561354564978263848
8561349976197297779
8561349867580590613
8561348572446853590
8561346707786639038
8561346660132615854
8561345145210895699
8561342753471483430
8561342692358219920
8561342621999374226
8561341749450808747
8561341598093360962
8561341105880072444
8561339218156528461
8561339154684592668
8561339138793848545
8561338937801778395
8561337296645808236
8561336559916582510
8561336068481479827
8561335639389784567
8561334470000189099
8561333886756840305
8561333230300907522
8561333289286506716
8561329631773114601
8561329041449245083
8561328592583677409
8561327382559514906
8561326440399054955
8561324702410774152
8561324627935900580
8561321892912709353
8561321086814411175
8561320355669733636
8561319815939661426
8561319183886844776
8561318051229605377
8561317943966058215
8561316461534689006
8561315827949851217
8561314073092858252
8561312976361103348
8561313004363046725
8561310314297151151
8561308511122331332
8561307546175246509
8561306023626218786
8561306217579451070
8561304453752591235
8561304559464814474
8561197842902572210
8561301869935181915
8561301414367791220
8561300278788118453
8561300255680057818
8561299262434021937
8561298672462196730
8561298386444338195
8561298161615170364
